[Window][DockSpaceViewport_11111111]
Pos=0,0
Size=1920,1057
Collapsed=0

[Window][Debug##Default]
Pos=42,55
Size=400,400
Collapsed=0

[Window][Node Editor]
Pos=949,332
Size=963,634
Collapsed=0

[Window][Texture Preview]
Pos=1090,143
Size=768,768
Collapsed=0

[Docking][Data]
DockSpace ID=0x8B93E3BD Window=0xA787BDB4 Pos=0,0 Size=1920,1057 CentralNode=1


[NoiseToolMeshNoisePreview][Settings]
tri_limit=35000000
frequency=0.005000
iso_surface=0.000000
heightmap_multiplier=100.000000
seed=1338
color=16777215
mesh_type=1
enabled=1

[NoiseToolNoiseTexture][Settings]
frequency=0.020000
seed=1337
gen_type=0
export_size=4096:4096

[NoiseToolNodeGraph][Settings]
grid_offset=-1.000000:0.000000
frequency=0.020000
seed=1337
gen_type=0

[NoiseToolNodeData][Node:8]
id=2
grid_pos=47.000000:18.000000

[NoiseToolNodeData][Node:13]
variable=2
variable=1069883064
node=2
hybrid=0:3.320000
hybrid=0:1.200000
id=3
grid_pos=332.000000:10.000000

[NoiseToolNodeData][Node:25]
node=3
hybrid=0:1.000000
id=4
grid_pos=604.000000:25.000000

[NoiseToolNodeData][Node:28]
hybrid=4:0.000000
hybrid=0:2.000000
id=5
grid_pos=598.000000:166.000000
