[Window][DockSpaceViewport_11111111]
Pos=0,0
Size=1920,1057
Collapsed=0

[Window][Debug##Default]
Pos=78,425
Size=708,545
Collapsed=0

[Window][Node Editor]
Pos=399,17
Size=973,986
Collapsed=0

[Window][Texture Preview]
Pos=667,128
Size=850,768
Collapsed=0

[Docking][Data]
DockSpace ID=0x8B93E3BD Window=0xA787BDB4 Pos=0,0 Size=1920,1057 CentralNode=1


[NoiseToolMeshNoisePreview][Settings]
tri_limit=35000000
frequency=0.005000
iso_surface=0.000000
heightmap_multiplier=100.000000
seed=1338
color=8549492
mesh_type=1
enabled=1

[NoiseToolNoiseTexture][Settings]
frequency=0.020000
seed=1337
gen_type=0
export_size=4096:4096

[NoiseToolNodeGraph][Settings]
grid_offset=-594.062500:364.568207
frequency=0.448000
seed=1143
gen_type=0

[NoiseToolNodeData][Node:28]
hybrid=0:0.000000
hybrid=0:2.000000
id=5
grid_pos=902.999939:174.000000

[NoiseToolNodeData][Node:32]
node=5
hybrid=0:0.320000
hybrid=0:1.860000
id=6
grid_pos=353.360168:92.897583

[NoiseToolNodeData][Node:7]
id=2
grid_pos=245.000000:-323.000000

[NoiseToolNodeData][Node:13]
variable=2
variable=1039516303
node=2
hybrid=0:3.500000
hybrid=0:1.200000
id=3
grid_pos=590.360168:-349.102417

[NoiseToolNodeData][Node:25]
node=3
hybrid=0:1.000000
id=4
grid_pos=916.000000:-343.000000

[NoiseToolNodeData][Node:28]
hybrid=4:0.000000
hybrid=0:2.000000
id=7
grid_pos=1215.062500:-224.568207
